183810.9999981843
80012.16015420535
86873.85751802525
72745.8322851183
75797.26897891371
69517.153699967
71873.66527501516
68400.16080007331
70038.42468201184
68007.49027902189
69122.73181304021
67830.86087577131
68640.19743589486
67760.80216856906
68338.40923426302
67751.95228734137
68150.14886924617
67751.25291831385
68036.28052263251
67756.98468398437
67960.35448317054
67767.21407851347
67909.87287659023
67775.75486680743
67877.23733140348
67782.67249044204
67855.12554384398
67788.71278196204
67839.99284974662
67793.38465737252
67829.85091863378
67796.87177349767
67822.91431750344
67799.58222760228
67818.09692942452
67801.61111883052
67814.79910069214
67803.09650800224
67812.51366832892
67804.20438419163
67810.91870138404
67805.01829058358
67809.8087648412
67805.61160696548
67809.03363760455
67806.04476550488
67808.48874107376
67806.36052774049
67808.10677007161
67806.5895895024
67807.83802227229
67806.75603603711
67807.64866756309
67806.8764662261
67807.51505674486
